440
416
49
452
221
446
558
388
104
544
199
219
533
740
967
622
997
752
747
745
903
414
398
128
600
1
679
969
675
685
661
827
186
617
59
952
464
15
728
372
782
542
282
545
342
532
907
565
184
41
659
702
663
587
641
508
240
46
646
941
683
556
238
654
63
710
995
705
146
354
217
711
651
147
286
882
954
674
359
931
148
337
993
442
421
877
124
695
726
306
905
832
121
959
821
491
639
293
936
900
867
836
855
552
886
208
759
331
78
839
249
814
8
365
668
12
455
150
559
50
555
396
635
741
755
480
460
595
350
792
830
413
271
116
161
131
820
504
721
468
352
707
519
17
971
853
30
200
890
829
528
129
454
540
800
432
561
658
251
341
780
304
514
613
394
153
227
607
133
633
848
441
157
642
582
379
77
434
123
479
266
486
817
699
168
712
90
951
934
535
968
451
241
89
690
332
472
19
799
623
910
914
230
793
445
575
543
994
746
207
294
887
777
142
192
765
316
268
883
145
74
749
370
809
72
935
585
214
638
894
375
311
784
603
594
597
254
279
981
100
151
248
321
764
743
758
178
898
408
806
627
949
858
67
602
237
91
725
773
723
772
35
940
303
865
478
435
490
881
715
812
395
264
175
283
797
816
187
273
947
203
937
243
265
327
302
689
55
36
893
616
429
348
209
621
634
963
415
966
71
953
436
909
974
385
469
977
984
879
95
672
324
818
512
790
987
262
570
363
779
864
130
964
717
45
165
706
236
312
520
256
703
297
165
427
42
52
669
821
398
247
558
66
854
158
222
824
752
606
166
421
153
224
120
432
502
655
50
828
702
312
650
321
875
530
673
728
329
936
322
63
865
666
80
34
304
808
20
869
533
369
445
662
985
653
168
947
26
188
833
146
348
693
734
566
522
14
951
544
84
136
718
617
474
487
713
385
776
797
589
186
95
674
644
914
486
187
496
749
315
779
477
521
771
992
69
751
216
458
189
438
769
179
640
562
485
788
704
595
635
842
739
1000
757
118
148
815
448
381
884
741
737
685
688
428
235
613
712
527
602
426
810
758
221
149
423
138
556
887
296
150
980
512
333
1
139
956
658
194
359
236
800
17
874
715
414
645
294
10
892
365
141
607
850
609
761
132
943
243
687
511
857
593
400
536
377
621
25
211
228
847
560
886
140
913
90
832
907
656
73
217
364
939
840
205
470
103
65
626
482
319
72
905
64
131
990
721
404
740
490
966
461
559
848
265
368
56
350
91
88
754
834
434
143
893
271
894
921
85
353
922
519
760
16
177
545
983
637
677
9
299
915
268
596
600
538
366
126
227
846
105
193
320
796
504
367
872
379
651
696
649
390
240
239
460
204
198
125
528
311
15
578
3
517
598
633
46
537
591
137
827
382
952
21
495
880
535
594
317
328
167
443
262
624
30
170
620
732
156
58
354
466
161
949
144
979
663
742
974
547
576
552
257
384
881
93
218
436
479
679
51
276
772
895
405
926
826
902
306
763
11
109
300
860
706
987